# time(ISO) elevation(m) distance(km) velocity(km/h)
2015-03-20T05:34:33 934.590000 0.000000 0.000000
2015-03-20T05:34:34 934.660000 0.003248 11.692259
2015-03-20T05:34:39 934.560000 0.019860 11.960713
2015-03-20T05:34:41 934.440000 0.022574 4.886146
2015-03-20T05:34:49 934.790000 0.060434 17.036639
2015-03-20T05:34:57 934.970000 0.091217 13.852492
2015-03-20T05:35:14 935.500000 0.125147 7.185253
2015-03-20T05:35:31 935.920000 0.151754 5.634353
2015-03-20T05:35:47 936.050000 0.175962 5.446826
2015-03-20T05:36:06 935.970000 0.205928 5.677821
2015-03-20T05:36:22 936.050000 0.227842 4.930497
2015-03-20T05:36:39 936.290000 0.255281 5.810743
2015-03-20T05:36:43 936.190000 0.261537 5.630095
2015-03-20T05:36:50 936.390000 0.272629 5.704317
2015-03-20T05:36:56 936.470000 0.282054 5.655423
2015-03-20T05:37:13 936.650000 0.308966 5.698995
2015-03-20T05:37:30 936.740000 0.335204 5.556259
2015-03-20T05:37:43 936.760000 0.355068 5.500632
2015-03-20T05:37:50 937.010000 0.365231 5.226875
2015-03-20T05:38:06 936.990000 0.392984 6.244509
2015-03-20T05:38:23 937.190000 0.419702 5.657757
2015-03-20T05:38:36 938.050000 0.427234 2.085782
2015-03-20T05:39:01 937.840000 0.429565 0.335692
2015-03-20T05:39:20 938.300000 0.430278 0.135132
2015-03-20T05:39:39 939.490000 0.441493 2.124964
2015-03-20T05:39:40 939.540000 0.442959 5.277439
2015-03-20T05:39:50 938.470000 0.456544 4.890725
2015-03-20T05:40:15 939.640000 0.494557 5.473780
2015-03-20T05:40:28 939.080000 0.515616 5.831736
2015-03-20T05:40:44 938.760000 0.534096 4.157985
2015-03-20T05:41:07 938.980000 0.562190 4.397430
2015-03-20T05:41:31 939.990000 0.596452 5.139317
2015-03-20T05:41:59 940.320000 0.630377 4.361719
2015-03-20T05:42:26 940.720000 0.662276 4.253185
2015-03-20T05:42:41 940.450000 0.678011 3.776370
2015-03-20T05:43:07 942.310000 0.711396 4.622576
2015-03-20T05:43:25 943.300000 0.736330 4.986709
2015-03-20T05:43:41 944.280000 0.758043 4.885517
2015-03-20T05:43:55 945.050000 0.774746 4.294953
2015-03-20T05:44:08 946.300000 0.789521 4.091784
2015-03-20T05:44:20 947.020000 0.804065 4.363068
2015-03-20T05:44:35 948.660000 0.820354 3.909307
2015-03-20T05:44:50 949.510000 0.840064 4.730339
2015-03-20T05:44:57 950.040000 0.849069 4.631336
2015-03-20T05:45:10 951.180000 0.862015 3.584952
2015-03-20T05:45:13 951.570000 0.866330 5.178814
2015-03-20T05:45:26 952.530000 0.883640 4.793404
2015-03-20T05:45:40 953.300000 0.901508 4.594574
2015-03-20T05:45:43 953.590000 0.905138 4.356188
2015-03-20T05:45:49 954.000000 0.911611 3.883988
2015-03-20T05:45:53 954.430000 0.916229 4.155875
2015-03-20T05:46:02 954.820000 0.926798 4.227875
2015-03-20T05:46:15 955.330000 0.944090 4.788373
2015-03-20T05:46:28 956.430000 0.960307 4.490880
2015-03-20T05:46:41 957.900000 0.972588 3.400899
2015-03-20T05:46:57 959.610000 0.986208 3.064538
2015-03-20T05:47:08 960.810000 0.994669 2.769094
2015-03-20T05:47:31 963.060000 1.018713 3.763448
2015-03-20T05:47:41 963.460000 1.030239 4.149123
2015-03-20T05:48:05 963.600000 1.061405 4.674975
2015-03-20T05:48:27 964.080000 1.066994 0.914527
2015-03-20T05:48:56 964.240000 1.071265 0.530233
2015-03-20T05:49:19 967.330000 1.094175 3.585913
2015-03-20T05:49:36 970.490000 1.110742 3.508332
2015-03-20T05:49:51 973.680000 1.123471 3.054773
2015-03-20T05:50:17 974.210000 1.126502 0.419676
2015-03-20T05:50:32 977.360000 1.137699 2.687296
2015-03-20T05:50:46 980.470000 1.152327 3.761511
2015-03-20T05:51:01 983.490000 1.168190 3.807121
2015-03-20T05:51:15 986.580000 1.182066 3.568299
2015-03-20T05:51:28 989.600000 1.192582 2.911933
2015-03-20T05:51:49 992.570000 1.212863 3.476852
2015-03-20T05:52:05 995.620000 1.229257 3.688665
2015-03-20T05:52:20 998.670000 1.236114 1.645673
2015-03-20T05:52:42 1001.550000 1.251540 2.524178
2015-03-20T05:52:56 1004.580000 1.260148 2.213365
2015-03-20T05:53:08 1007.750000 1.267732 2.275348
2015-03-20T05:53:20 1010.870000 1.278941 3.362755
2015-03-20T05:53:32 1014.010000 1.288661 2.915807
2015-03-20T05:53:45 1017.050000 1.296326 2.122695
2015-03-20T05:53:59 1020.130000 1.301341 1.289697
2015-03-20T05:54:11 1023.170000 1.314420 3.923559
2015-03-20T05:54:24 1026.390000 1.323398 2.486215
2015-03-20T05:54:37 1029.580000 1.332076 2.403053
2015-03-20T05:54:59 1032.260000 1.340915 1.446443
2015-03-20T05:55:12 1035.450000 1.350458 2.642803
2015-03-20T05:55:26 1038.490000 1.352230 0.455438
2015-03-20T05:55:28 1038.960000 1.352718 0.879116
2015-03-20T05:55:44 1042.230000 1.362960 2.304487
2015-03-20T05:55:59 1045.320000 1.370251 1.749716
2015-03-20T05:56:19 1048.350000 1.375893 1.015578
2015-03-20T05:56:41 1051.470000 1.380483 0.751122
2015-03-20T05:56:46 1051.830000 1.382120 1.178779
2015-03-20T05:57:07 1054.090000 1.396809 2.518151
2015-03-20T05:57:19 1055.370000 1.399310 0.750184
2015-03-20T05:57:38 1058.280000 1.420637 4.040872
2015-03-20T05:58:03 1061.080000 1.432403 1.694383
2015-03-20T05:58:20 1063.700000 1.438065 1.198886
2015-03-20T05:58:26 1064.390000 1.443682 3.370133
2015-03-20T05:58:45 1065.730000 1.445918 0.423709
2015-03-20T05:59:00 1068.300000 1.453518 1.823978
2015-03-20T05:59:16 1071.420000 1.465192 2.626659
2015-03-20T05:59:37 1072.930000 1.480781 2.672399
2015-03-20T06:00:10 1072.460000 1.482857 0.226467
2015-03-20T06:00:31 1073.020000 1.493063 1.749721
2015-03-20T06:00:52 1076.040000 1.500297 1.239979
2015-03-20T06:00:54 1076.080000 1.500676 0.682409
2015-03-20T06:01:15 1077.420000 1.501639 0.165167
2015-03-20T06:01:51 1077.310000 1.502792 0.115291
2015-03-20T06:02:25 1077.200000 1.509128 0.670812
2015-03-20T06:02:38 1077.320000 1.511823 0.746434
2015-03-20T06:02:48 1077.710000 1.517492 2.040906
2015-03-20T06:03:08 1077.490000 1.520605 0.560302
2015-03-20T06:03:26 1080.540000 1.524755 0.830078
2015-03-20T06:03:47 1083.860000 1.541974 2.951755
2015-03-20T06:04:07 1086.930000 1.552412 1.878854
2015-03-20T06:04:21 1090.140000 1.561583 2.358200
2015-03-20T06:04:36 1093.400000 1.570076 2.038366
2015-03-20T06:04:52 1096.410000 1.574430 0.979744
2015-03-20T06:05:09 1099.640000 1.584404 2.112012
2015-03-20T06:05:12 1100.710000 1.586406 2.402343
2015-03-20T06:05:33 1103.900000 1.600931 2.489978
2015-03-20T06:05:54 1106.960000 1.611639 1.835742
2015-03-20T06:06:14 1109.410000 1.619945 1.495127
2015-03-20T06:06:34 1111.090000 1.624095 0.746851
2015-03-20T06:06:47 1112.130000 1.631069 1.931399
2015-03-20T06:06:51 1112.970000 1.632979 1.718621
2015-03-20T06:06:53 1113.310000 1.634994 3.627084
2015-03-20T06:07:05 1115.410000 1.636449 0.436546
2015-03-20T06:07:22 1117.840000 1.636961 0.108372
2015-03-20T06:07:48 1117.790000 1.641878 0.680909
2015-03-20T06:08:12 1117.800000 1.643154 0.191305
2015-03-20T06:08:17 1117.940000 1.644671 1.092621
2015-03-20T06:08:42 1117.520000 1.649315 0.668722
2015-03-20T06:08:51 1117.940000 1.651081 0.706412
2015-03-20T06:09:17 1118.120000 1.658074 0.968250
2015-03-20T06:09:20 1118.600000 1.660157 2.499444
2015-03-20T06:09:36 1121.860000 1.672342 2.741682
2015-03-20T06:09:54 1124.490000 1.680146 1.560837
2015-03-20T06:10:15 1127.250000 1.688339 1.404524
2015-03-20T06:10:30 1130.410000 1.697854 2.283581
2015-03-20T06:10:50 1132.690000 1.704938 1.275058
2015-03-20T06:11:07 1135.260000 1.712586 1.619649
2015-03-20T06:11:30 1138.400000 1.718342 0.900832
2015-03-20T06:11:54 1141.750000 1.725871 1.129363
2015-03-20T06:12:14 1144.710000 1.739884 2.522429
2015-03-20T06:12:31 1147.820000 1.749382 2.011295
2015-03-20T06:12:47 1150.930000 1.759796 2.343126
2015-03-20T06:13:03 1154.170000 1.767132 1.650581
2015-03-20T06:13:22 1156.480000 1.773748 1.253569
2015-03-20T06:13:41 1159.510000 1.783384 1.825852
2015-03-20T06:14:08 1162.700000 1.805177 2.905674
2015-03-20T06:14:24 1165.830000 1.812312 1.605376
2015-03-20T06:14:42 1168.840000 1.819644 1.466490
2015-03-20T06:15:08 1171.450000 1.834454 2.050566
2015-03-20T06:15:24 1174.580000 1.850682 3.651433
2015-03-20T06:15:42 1177.780000 1.860992 2.061948
2015-03-20T06:15:58 1180.030000 1.868046 1.587177
2015-03-20T06:16:11 1182.030000 1.874830 1.878575
2015-03-20T06:16:24 1184.900000 1.890183 4.251436
2015-03-20T06:16:34 1187.410000 1.896401 2.238627
2015-03-20T06:16:50 1190.500000 1.904949 1.923207
2015-03-20T06:16:54 1191.200000 1.906801 1.667094
2015-03-20T06:17:16 1191.430000 1.908565 0.288697
2015-03-20T06:17:31 1194.550000 1.912663 0.983538
2015-03-20T06:17:56 1194.680000 1.915273 0.375846
2015-03-20T06:17:58 1194.710000 1.915984 1.278969
2015-03-20T06:18:25 1197.390000 1.924947 1.195062
2015-03-20T06:18:41 1200.390000 1.934592 2.170245
2015-03-20T06:18:48 1201.750000 1.937332 1.408959
2015-03-20T06:19:11 1203.510000 1.943523 0.968989
2015-03-20T06:19:32 1206.720000 1.954662 1.909600
2015-03-20T06:19:45 1209.970000 1.959447 1.325016
2015-03-20T06:20:00 1213.020000 1.968512 2.175737
2015-03-20T06:20:22 1215.230000 1.985699 2.812349
2015-03-20T06:20:30 1215.810000 1.988885 1.433520
2015-03-20T06:20:57 1219.020000 2.014204 3.375894
2015-03-20T06:21:16 1222.260000 2.030301 3.049994
2015-03-20T06:21:32 1225.480000 2.045307 3.376418
2015-03-20T06:21:47 1228.730000 2.056513 2.689493
2015-03-20T06:22:01 1231.800000 2.064061 1.940743
2015-03-20T06:22:16 1234.950000 2.071335 1.745853
2015-03-20T06:22:22 1236.180000 2.073759 1.454315
2015-03-20T06:22:36 1239.340000 2.081902 2.093984
2015-03-20T06:22:54 1242.750000 2.095750 2.769577
2015-03-20T06:23:13 1245.830000 2.108756 2.464278
2015-03-20T06:23:34 1248.990000 2.121057 2.108645
2015-03-20T06:23:56 1252.030000 2.134469 2.194816
2015-03-20T06:24:05 1253.000000 2.136364 0.758048
2015-03-20T06:24:24 1256.110000 2.147752 2.157570
2015-03-20T06:24:39 1259.290000 2.159208 2.749645
2015-03-20T06:25:00 1261.920000 2.176852 3.024555
2015-03-20T06:25:05 1261.970000 2.178762 1.375341
2015-03-20T06:25:08 1262.020000 2.183283 5.425044
2015-03-20T06:25:27 1265.150000 2.188842 1.053330
2015-03-20T06:25:29 1265.500000 2.192327 6.272211
2015-03-20T06:25:46 1267.140000 2.203538 2.374226
2015-03-20T06:25:55 1267.430000 2.206288 1.100038
2015-03-20T06:26:08 1267.640000 2.209445 0.874309
2015-03-20T06:26:23 1270.570000 2.216646 1.728023
2015-03-20T06:26:26 1271.070000 2.219407 3.313351
2015-03-20T06:26:43 1273.890000 2.232010 2.668851
2015-03-20T06:26:57 1275.680000 2.238260 1.607227
2015-03-20T06:27:13 1278.660000 2.250987 2.863604
2015-03-20T06:27:20 1279.990000 2.253648 1.368453
2015-03-20T06:27:37 1281.200000 2.257549 0.826200
2015-03-20T06:27:53 1283.760000 2.268668 2.501634
2015-03-20T06:28:06 1285.670000 2.278431 2.703531
2015-03-20T06:28:21 1287.150000 2.285872 1.786013
2015-03-20T06:28:31 1288.140000 2.292752 2.476534
2015-03-20T06:28:34 1288.350000 2.295651 3.479238
2015-03-20T06:28:40 1289.440000 2.300805 3.092727
2015-03-20T06:28:42 1289.670000 2.302591 3.214820
2015-03-20T06:28:55 1291.420000 2.313257 2.953457
2015-03-20T06:29:07 1293.740000 2.323577 3.096113
2015-03-20T06:29:18 1295.410000 2.331514 2.597442
2015-03-20T06:29:33 1296.140000 2.336032 1.084419
2015-03-20T06:29:46 1297.790000 2.345407 2.596139
2015-03-20T06:30:01 1300.690000 2.355084 2.322356
2015-03-20T06:30:08 1301.620000 2.365843 5.533191
2015-03-20T06:30:23 1303.000000 2.381801 3.830089
2015-03-20T06:30:30 1304.260000 2.386231 2.278201
2015-03-20T06:30:46 1305.770000 2.392847 1.488594
2015-03-20T06:30:54 1306.060000 2.403354 4.728180
2015-03-20T06:30:59 1306.100000 2.407512 2.993571
2015-03-20T06:31:03 1306.140000 2.410002 2.241117
2015-03-20T06:31:16 1305.400000 2.418737 2.418784
2015-03-20T06:31:21 1306.450000 2.421522 2.005331
2015-03-20T06:31:32 1308.360000 2.426185 1.526153
2015-03-20T06:31:47 1310.390000 2.431212 1.206578
2015-03-20T06:31:54 1311.640000 2.436030 2.477481
2015-03-20T06:32:05 1312.960000 2.446740 3.505240
2015-03-20T06:32:19 1314.610000 2.460026 3.416428
2015-03-20T06:32:36 1317.260000 2.472236 2.585674
2015-03-20T06:32:51 1319.420000 2.484144 2.857784
2015-03-20T06:33:07 1321.970000 2.500059 3.580819
2015-03-20T06:33:22 1324.750000 2.510528 2.512615
2015-03-20T06:33:36 1326.420000 2.521949 2.936898
2015-03-20T06:33:51 1329.170000 2.531096 2.195240
2015-03-20T06:34:05 1331.570000 2.533520 0.623453
2015-03-20T06:34:18 1333.720000 2.537207 1.021010
2015-03-20T06:34:34 1335.100000 2.542751 1.247251
2015-03-20T06:34:50 1338.110000 2.548949 1.394547
2015-03-20T06:35:03 1340.740000 2.559003 2.784256
2015-03-20T06:35:10 1341.800000 2.560557 0.799332
2015-03-20T06:35:24 1345.040000 2.569769 2.368635
2015-03-20T06:35:37 1348.060000 2.574510 1.312896
2015-03-20T06:35:49 1350.450000 2.582169 2.297879
2015-03-20T06:35:57 1352.190000 2.588227 2.725855
2015-03-20T06:36:05 1353.720000 2.595959 3.479554
2015-03-20T06:36:20 1355.780000 2.602421 1.550837
2015-03-20T06:36:34 1358.780000 2.606203 0.972554
2015-03-20T06:36:47 1361.360000 2.611275 1.404664
2015-03-20T06:37:00 1363.110000 2.615974 1.301130
2015-03-20T06:37:05 1364.210000 2.618506 1.823244
2015-03-20T06:37:21 1366.500000 2.629751 2.530081
2015-03-20T06:37:22 1366.490000 2.631710 7.053099
2015-03-20T06:37:24 1366.780000 2.633557 3.324164
2015-03-20T06:37:26 1367.500000 2.635971 4.345116
2015-03-20T06:37:42 1370.480000 2.647018 2.485642
2015-03-20T06:37:57 1373.470000 2.654404 1.772509
2015-03-20T06:38:10 1375.400000 2.662718 2.302351
2015-03-20T06:38:22 1377.190000 2.672107 2.816655
2015-03-20T06:38:23 1377.310000 2.672601 1.778304
2015-03-20T06:38:30 1378.670000 2.676709 2.112901
2015-03-20T06:38:34 1379.310000 2.680641 3.538520
2015-03-20T06:38:48 1382.250000 2.689671 2.321973
2015-03-20T06:38:58 1382.230000 2.694274 1.657203
2015-03-20T06:39:13 1384.020000 2.709105 3.559406
2015-03-20T06:39:29 1386.360000 2.719661 2.375204
2015-03-20T06:39:37 1388.160000 2.725484 2.620323
2015-03-20T06:39:44 1389.540000 2.731585 3.137489
2015-03-20T06:39:58 1392.330000 2.738755 1.843776
2015-03-20T06:40:13 1394.630000 2.750683 2.862768
2015-03-20T06:40:26 1396.400000 2.766987 4.514860
2015-03-20T06:40:34 1397.500000 2.773359 2.867647
2015-03-20T06:40:47 1399.310000 2.787091 3.802540
2015-03-20T06:40:52 1400.780000 2.789726 1.897179
2015-03-20T06:41:07 1402.600000 2.792313 0.620952
2015-03-20T06:41:22 1400.370000 2.797873 1.334389
2015-03-20T06:41:39 1400.500000 2.801811 0.833933
2015-03-20T06:41:44 1400.470000 2.804650 2.043823
2015-03-20T06:41:52 1399.580000 2.807266 1.177328
2015-03-20T06:42:09 1399.390000 2.812795 1.170853
2015-03-20T06:42:18 1400.080000 2.815237 0.976817
2015-03-20T06:42:35 1401.260000 2.819619 0.927983
2015-03-20T06:42:43 1402.490000 2.823544 1.766012
2015-03-20T06:42:59 1402.450000 2.824779 0.278025
2015-03-20T06:43:16 1402.340000 2.830261 1.160904
2015-03-20T06:43:31 1402.840000 2.832541 0.546993
2015-03-20T06:43:45 1402.750000 2.840328 2.002493
2015-03-20T06:43:55 1402.640000 2.841444 0.401628
2015-03-20T06:44:10 1402.380000 2.844514 0.736876
2015-03-20T06:44:26 1402.330000 2.852531 1.803891
2015-03-20T06:44:31 1402.400000 2.853939 1.013783
2015-03-20T06:44:43 1402.420000 2.856467 0.758358
2015-03-20T06:44:56 1402.290000 2.860481 1.111482
2015-03-20T06:45:14 1402.170000 2.866736 1.250984
2015-03-20T06:45:24 1402.500000 2.875666 3.214778
2015-03-20T06:45:38 1402.500000 2.877561 0.487469
2015-03-20T06:45:44 1402.600000 2.880364 1.681782
2015-03-20T06:45:59 1402.490000 2.893005 3.033669
2015-03-20T06:46:16 1402.610000 2.894348 0.284556
2015-03-20T06:46:33 1404.120000 2.902705 1.769603
2015-03-20T06:46:47 1406.020000 2.917396 3.777732
2015-03-20T06:46:54 1406.610000 2.922752 2.754282
2015-03-20T06:46:59 1407.250000 2.928176 3.905268
2015-03-20T06:47:01 1407.390000 2.930302 3.827870
2015-03-20T06:47:15 1408.370000 2.943571 3.411959
2015-03-20T06:47:21 1408.370000 2.945456 1.131085
2015-03-20T06:47:29 1408.240000 2.955306 4.432524
2015-03-20T06:47:33 1408.620000 2.960058 4.276898
2015-03-20T06:47:40 1408.790000 2.968884 4.538978
2015-03-20T06:47:47 1409.760000 2.974949 3.118939
2015-03-20T06:48:00 1411.210000 2.987256 3.408201
2015-03-20T06:48:13 1410.270000 3.002548 4.234822
2015-03-20T06:48:27 1411.440000 3.015154 3.241553
2015-03-20T06:48:52 1412.850000 3.035612 2.945849
2015-03-20T06:49:14 1412.510000 3.059691 3.940306
2015-03-20T06:49:39 1413.490000 3.085362 3.696626
2015-03-20T06:50:04 1414.700000 3.113004 3.980459
2015-03-20T06:50:25 1414.690000 3.140511 4.715468
2015-03-20T06:50:27 1414.340000 3.143097 4.654868
2015-03-20T06:50:39 1414.440000 3.153534 3.131057
2015-03-20T06:50:52 1417.080000 3.160129 1.826201
2015-03-20T06:51:02 1417.150000 3.168911 3.161495
2015-03-20T06:51:27 1419.660000 3.190244 3.071951
2015-03-20T06:51:46 1419.330000 3.217481 5.160737
2015-03-20T06:51:59 1420.180000 3.230614 3.636952
2015-03-20T06:52:01 1420.260000 3.233060 4.401514
2015-03-20T06:52:16 1420.360000 3.252420 4.646513
2015-03-20T06:52:30 1421.480000 3.266150 3.530562
2015-03-20T06:52:44 1421.750000 3.280649 3.728312
2015-03-20T06:52:59 1421.080000 3.299691 4.570011
2015-03-20T06:53:07 1421.430000 3.308825 4.110177
2015-03-20T06:53:21 1423.010000 3.323163 3.686957
2015-03-20T06:53:32 1425.760000 3.332265 2.978786
2015-03-20T06:53:49 1429.090000 3.344077 2.501415
2015-03-20T06:54:10 1432.230000 3.357748 2.343629
2015-03-20T06:54:39 1434.010000 3.362411 0.578828
2015-03-20T06:55:03 1437.100000 3.377143 2.209762
2015-03-20T06:55:27 1440.260000 3.396369 2.883906
2015-03-20T06:55:50 1443.410000 3.416822 3.201340
2015-03-20T06:55:54 1443.680000 3.421177 3.919906
2015-03-20T06:56:13 1443.850000 3.440487 3.658692
2015-03-20T06:56:40 1445.920000 3.463598 3.081538
2015-03-20T06:57:02 1448.800000 3.493896 4.957715
2015-03-20T06:57:21 1450.720000 3.503484 1.816782
2015-03-20T06:57:31 1450.220000 3.506310 1.017182
2015-03-20T06:57:40 1451.430000 3.514564 3.301626
2015-03-20T06:57:51 1452.140000 3.523657 2.975986
2015-03-20T06:57:57 1451.430000 3.534522 6.518878
2015-03-20T06:58:07 1451.570000 3.540323 2.088416
2015-03-20T06:58:32 1453.580000 3.569043 4.135692
2015-03-20T06:58:51 1456.600000 3.590660 4.095950
2015-03-20T06:59:13 1459.330000 3.617643 4.415306
2015-03-20T06:59:23 1460.370000 3.630856 4.756643
2015-03-20T06:59:33 1460.750000 3.645490 5.268446
2015-03-20T06:59:37 1460.830000 3.650978 4.938872
2015-03-20T06:59:46 1460.890000 3.663421 4.977383
2015-03-20T07:00:00 1461.940000 3.679829 4.219052
2015-03-20T07:00:13 1465.080000 3.692070 3.389880
2015-03-20T07:00:29 1467.990000 3.703499 2.571503
2015-03-20T07:00:36 1468.940000 3.710108 3.398879
2015-03-20T07:01:00 1471.100000 3.734658 3.682577
2015-03-20T07:01:01 1471.250000 3.736058 5.039321
2015-03-20T07:01:09 1472.530000 3.744334 3.723967
2015-03-20T07:01:23 1474.560000 3.758134 3.548752
2015-03-20T07:01:29 1475.540000 3.765511 4.426197
2015-03-20T07:01:37 1476.570000 3.772019 2.928607
2015-03-20T07:01:42 1477.520000 3.778767 4.858083
2015-03-20T07:01:47 1478.570000 3.783078 3.104071
2015-03-20T07:01:55 1479.620000 3.793624 4.745801
2015-03-20T07:01:59 1480.270000 3.798366 4.267872
2015-03-20T07:02:14 1482.410000 3.812502 3.392537
2015-03-20T07:02:25 1484.830000 3.824314 3.865822
2015-03-20T07:02:33 1485.960000 3.831317 3.151460
2015-03-20T07:02:43 1488.370000 3.839591 2.978493
2015-03-20T07:03:00 1491.470000 3.850731 2.358971
2015-03-20T07:03:13 1494.510000 3.858533 2.160573
2015-03-20T07:03:29 1497.680000 3.864698 1.387172
2015-03-20T07:03:51 1500.470000 3.880533 2.591225
2015-03-20T07:04:10 1503.440000 3.893905 2.533679
2015-03-20T07:04:17 1504.430000 3.899434 2.843178
2015-03-20T07:04:33 1507.600000 3.911707 2.761437
2015-03-20T07:04:45 1510.350000 3.920994 2.786317
2015-03-20T07:04:57 1512.540000 3.931565 3.171253
2015-03-20T07:05:17 1514.500000 3.940630 1.631629
2015-03-20T07:05:27 1513.800000 3.942817 0.787419
2015-03-20T07:05:53 1514.520000 3.943810 0.137467
2015-03-20T07:06:19 1514.330000 3.946007 0.304204
2015-03-20T07:06:37 1516.870000 3.961305 3.059686
2015-03-20T07:06:47 1517.910000 3.973303 4.319153
2015-03-20T07:06:51 1518.150000 3.979517 5.592497
2015-03-20T07:07:06 1519.430000 4.003417 5.735960
2015-03-20T07:07:10 1519.630000 4.009222 5.224695
2015-03-20T07:07:14 1519.800000 4.014785 5.006763
2015-03-20T07:07:21 1520.560000 4.024065 4.772501
2015-03-20T07:07:30 1521.560000 4.037432 5.346694
2015-03-20T07:07:34 1522.010000 4.043164 5.158662
2015-03-20T07:07:45 1523.350000 4.060632 5.716921
2015-03-20T07:07:47 1523.620000 4.063320 4.838324
2015-03-20T07:07:54 1524.230000 4.073808 5.393869
2015-03-20T07:07:56 1524.500000 4.075982 3.912399
2015-03-20T07:08:07 1526.080000 4.088376 4.056435
2015-03-20T07:08:08 1526.160000 4.089545 4.207179
2015-03-20T07:08:10 1526.370000 4.092019 4.454082
2015-03-20T07:08:25 1528.080000 4.110041 4.325130
2015-03-20T07:08:37 1529.540000 4.125656 4.684437
2015-03-20T07:08:50 1531.360000 4.140048 3.985544
2015-03-20T07:08:55 1532.270000 4.145812 4.150601
2015-03-20T07:08:59 1532.730000 4.151041 4.705231
2015-03-20T07:09:06 1533.620000 4.160127 4.673266
2015-03-20T07:09:11 1534.210000 4.167545 5.341004
2015-03-20T07:09:19 1535.280000 4.177975 4.693383
2015-03-20T07:09:26 1536.460000 4.187168 4.727962
2015-03-20T07:09:30 1536.790000 4.191428 3.833811
2015-03-20T07:09:41 1538.420000 4.203924 4.089461
2015-03-20T07:09:53 1539.600000 4.213485 2.868198
2015-03-20T07:10:00 1541.330000 4.219861 3.279144
2015-03-20T07:10:16 1543.990000 4.234733 3.346361
2015-03-20T07:10:36 1547.140000 4.255331 3.707493
2015-03-20T07:10:56 1550.150000 4.274891 3.520925
2015-03-20T07:11:13 1553.310000 4.291701 3.559736
2015-03-20T07:11:34 1556.550000 4.309716 3.088223
2015-03-20T07:11:45 1558.100000 4.320037 3.377894
2015-03-20T07:12:04 1561.370000 4.335969 3.018614
2015-03-20T07:12:21 1564.140000 4.350665 3.112217
2015-03-20T07:12:31 1566.100000 4.358686 2.887513
2015-03-20T07:12:41 1567.910000 4.368223 3.433421
2015-03-20T07:12:54 1570.200000 4.385943 4.906940
2015-03-20T07:13:08 1572.750000 4.397089 2.866211
2015-03-20T07:13:09 1572.930000 4.398101 3.643629
2015-03-20T07:13:26 1576.350000 4.413348 3.228786
2015-03-20T07:13:45 1579.400000 4.428834 2.934161
2015-03-20T07:14:01 1582.580000 4.441561 2.863443
2015-03-20T07:14:18 1585.680000 4.454695 2.781323
2015-03-20T07:14:38 1588.860000 4.469303 2.629492
2015-03-20T07:14:48 1590.140000 4.477834 3.071204
2015-03-20T07:15:00 1592.970000 4.490048 3.664151
2015-03-20T07:15:02 1593.150000 4.491984 3.485072
2015-03-20T07:15:18 1595.640000 4.506643 3.298301
2015-03-20T07:15:33 1597.600000 4.520165 3.245267
2015-03-20T07:15:41 1599.160000 4.526392 2.802035
2015-03-20T07:15:52 1600.890000 4.535224 2.890519
2015-03-20T07:16:00 1602.110000 4.541093 2.641257
2015-03-20T07:16:11 1604.560000 4.549366 2.707367
2015-03-20T07:16:22 1606.530000 4.558296 2.922640
2015-03-20T07:16:32 1608.300000 4.565729 2.675802
2015-03-20T07:16:39 1609.000000 4.571588 3.012969
2015-03-20T07:16:41 1609.350000 4.573596 3.615443
2015-03-20T07:17:03 1611.700000 4.583919 1.689188
2015-03-20T07:17:13 1612.820000 4.589218 1.907602
2015-03-20T07:17:27 1616.090000 4.603811 3.752425
2015-03-20T07:17:42 1618.740000 4.610150 1.521470
2015-03-20T07:17:56 1622.120000 4.619980 2.527776
2015-03-20T07:18:09 1625.300000 4.632158 3.372127
2015-03-20T07:18:30 1625.680000 4.639239 1.213926
2015-03-20T07:18:52 1627.470000 4.646809 1.238718
2015-03-20T07:19:08 1630.760000 4.660509 3.082572
2015-03-20T07:19:23 1633.800000 4.669951 2.266040
2015-03-20T07:19:36 1636.930000 4.678726 2.430038
2015-03-20T07:19:38 1637.360000 4.680410 3.030436
2015-03-20T07:19:48 1639.380000 4.688211 2.808570
2015-03-20T07:20:02 1641.040000 4.696980 2.254826
2015-03-20T07:20:13 1644.150000 4.703771 2.222492
2015-03-20T07:20:29 1646.200000 4.708638 1.095148
2015-03-20T07:20:43 1649.330000 4.716798 2.098220
2015-03-20T07:20:58 1652.450000 4.723629 1.639534
2015-03-20T07:21:14 1655.680000 4.731169 1.696503
2015-03-20T07:21:24 1658.530000 4.736823 2.035477
2015-03-20T07:21:40 1661.940000 4.751919 3.396509
2015-03-20T07:21:53 1664.940000 4.756674 1.316683
2015-03-20T07:22:09 1668.070000 4.767569 2.451483
2015-03-20T07:22:24 1671.180000 4.779050 2.755438
2015-03-20T07:22:31 1672.620000 4.781269 1.140861
2015-03-20T07:22:43 1675.790000 4.789868 2.579925
2015-03-20T07:22:55 1678.800000 4.797509 2.292103
2015-03-20T07:22:57 1678.840000 4.799458 3.509410
2015-03-20T07:23:03 1679.720000 4.803278 2.292036
2015-03-20T07:23:14 1681.970000 4.809978 2.192459
2015-03-20T07:23:15 1682.190000 4.811157 4.245041
2015-03-20T07:23:26 1684.520000 4.818133 2.283286
2015-03-20T07:23:34 1686.250000 4.823036 2.206100
2015-03-20T07:23:47 1689.020000 4.830406 2.041007
2015-03-20T07:24:00 1691.930000 4.839502 2.518927
2015-03-20T07:24:11 1694.630000 4.843722 1.381119
2015-03-20T07:24:27 1697.710000 4.854129 2.341484
2015-03-20T07:24:45 1700.680000 4.866424 2.459066
2015-03-20T07:25:00 1700.350000 4.872442 1.444262
2015-03-20T07:25:15 1700.460000 4.876649 1.009690
2015-03-20T07:25:17 1700.610000 4.878287 2.948411
2015-03-20T07:25:53 1699.830000 4.880526 0.223896
2015-03-20T07:26:12 1700.370000 4.888337 1.479954
2015-03-20T07:26:15 1700.440000 4.891400 3.675876
2015-03-20T07:26:44 1700.480000 4.899179 0.965618
2015-03-20T07:27:00 1703.740000 4.908412 2.077591
2015-03-20T07:27:09 1706.980000 4.915655 2.896958
2015-03-20T07:27:11 1707.340000 4.917128 2.651290
2015-03-20T07:27:21 1709.700000 4.926223 3.274357
2015-03-20T07:27:26 1711.060000 4.929760 2.546151
2015-03-20T07:27:31 1711.420000 4.933833 2.932734
2015-03-20T07:27:36 1713.430000 4.936370 1.826994
2015-03-20T07:27:43 1715.350000 4.940966 2.363605
2015-03-20T07:27:46 1715.990000 4.944990 4.828099
2015-03-20T07:27:48 1716.290000 4.946882 3.406479
2015-03-20T07:27:52 1717.060000 4.949732 2.564616
2015-03-20T07:28:00 1718.640000 4.955620 2.649718
2015-03-20T07:28:05 1719.610000 4.960443 3.472404
2015-03-20T07:28:09 1720.570000 4.965220 4.299249
2015-03-20T07:28:20 1723.270000 4.973542 2.723748
2015-03-20T07:28:32 1726.360000 4.976474 0.879668
2015-03-20T07:28:41 1728.870000 4.981921 2.178524
2015-03-20T07:28:52 1732.010000 4.988732 2.228985
2015-03-20T07:29:02 1734.500000 4.998429 3.491202
2015-03-20T07:29:15 1737.510000 5.006160 2.140822
2015-03-20T07:29:29 1740.550000 5.015854 2.492814
2015-03-20T07:29:41 1743.680000 5.024473 2.585458
2015-03-20T07:29:53 1746.710000 5.033411 2.681533
2015-03-20T07:30:09 1749.780000 5.044157 2.417807
2015-03-20T07:30:25 1752.820000 5.053213 2.037686
2015-03-20T07:30:41 1755.930000 5.060052 1.538824
2015-03-20T07:30:53 1758.960000 5.071163 3.333182
2015-03-20T07:31:11 1762.050000 5.084349 2.637185
2015-03-20T07:31:28 1765.300000 5.096356 2.542699
2015-03-20T07:31:41 1768.540000 5.103093 1.865548
2015-03-20T07:31:58 1771.540000 5.114402 2.394933
2015-03-20T07:32:02 1772.570000 5.118651 3.823903
2015-03-20T07:32:18 1774.640000 5.137009 4.130626
2015-03-20T07:32:26 1775.990000 5.145680 3.901944
2015-03-20T07:32:43 1777.220000 5.165515 4.200203
2015-03-20T07:33:01 1776.690000 5.172858 1.468720
2015-03-20T07:33:15 1777.020000 5.177133 1.099151
2015-03-20T07:33:36 1778.800000 5.185553 1.443473
2015-03-20T07:33:54 1781.910000 5.200256 2.940678
2015-03-20T07:34:05 1782.700000 5.208625 2.738795
2015-03-20T07:34:08 1782.610000 5.213087 5.354771
2015-03-20T07:34:17 1778.700000 5.235480 8.957186
2015-03-20T07:34:29 1778.560000 5.236897 0.425050
2015-03-20T07:34:34 1779.920000 5.241993 3.669326
2015-03-20T07:34:47 1782.080000 5.253883 3.292488
2015-03-20T07:34:53 1782.850000 5.261467 4.550409
2015-03-20T07:35:06 1786.220000 5.273731 3.396208
2015-03-20T07:35:20 1789.400000 5.284254 2.705962
2015-03-20T07:35:35 1792.680000 5.300810 3.973476
2015-03-20T07:35:50 1795.750000 5.314971 3.398639
2015-03-20T07:36:05 1798.770000 5.326069 2.663378
2015-03-20T07:36:25 1801.850000 5.344481 3.314212
2015-03-20T07:36:43 1805.010000 5.360570 3.217852
2015-03-20T07:37:00 1808.190000 5.374339 2.915654
2015-03-20T07:37:19 1811.230000 5.388051 2.598228
2015-03-20T07:37:35 1814.720000 5.399658 2.611509
2015-03-20T07:37:37 1815.420000 5.401591 3.479938
2015-03-20T07:37:41 1815.990000 5.405647 3.650154
2015-03-20T07:37:46 1817.240000 5.409331 2.652208
2015-03-20T07:37:56 1819.600000 5.413848 1.626332
2015-03-20T07:38:11 1822.990000 5.420947 1.703578
2015-03-20T07:38:29 1826.180000 5.433370 2.484631
2015-03-20T07:38:51 1828.200000 5.444804 1.871010
2015-03-20T07:39:09 1830.390000 5.453094 1.658114
2015-03-20T07:39:26 1833.320000 5.465033 2.528270
2015-03-20T07:39:36 1835.690000 5.473799 3.155572
2015-03-20T07:39:42 1836.960000 5.478682 2.930153
2015-03-20T07:39:48 1838.180000 5.482841 2.495188
2015-03-20T07:40:04 1841.470000 5.493066 2.300502
2015-03-20T07:40:07 1842.210000 5.495479 2.896374
2015-03-20T07:40:20 1844.860000 5.504832 2.589997
2015-03-20T07:40:31 1847.270000 5.512967 2.662442
2015-03-20T07:40:42 1849.740000 5.520214 2.371644
2015-03-20T07:40:44 1850.100000 5.521569 2.439150
2015-03-20T07:40:55 1852.560000 5.527161 1.830073
2015-03-20T07:40:56 1852.790000 5.527588 1.537951
2015-03-20T07:41:08 1854.890000 5.537364 2.932799
2015-03-20T07:41:18 1856.910000 5.543114 2.070104
2015-03-20T07:41:29 1859.540000 5.549768 2.177615
2015-03-20T07:41:40 1861.840000 5.556535 2.214459
2015-03-20T07:41:54 1864.690000 5.567668 2.862861
2015-03-20T07:42:10 1867.870000 5.576352 1.953844
2015-03-20T07:42:32 1870.070000 5.587924 1.893659
2015-03-20T07:42:47 1873.260000 5.596756 2.119714
2015-03-20T07:43:05 1876.320000 5.605235 1.695750
2015-03-20T07:43:21 1879.150000 5.621672 3.698259
2015-03-20T07:43:36 1882.020000 5.634656 3.116177
2015-03-20T07:43:51 1885.090000 5.642425 1.864574
2015-03-20T07:44:07 1888.250000 5.652127 2.182930
2015-03-20T07:44:23 1890.570000 5.660834 1.959104
2015-03-20T07:44:43 1893.030000 5.669530 1.565376
2015-03-20T07:45:01 1896.100000 5.683134 2.720784
2015-03-20T07:45:08 1897.690000 5.691627 4.367821
2015-03-20T07:45:20 1900.050000 5.696589 1.488613
2015-03-20T07:45:23 1900.880000 5.698116 1.832436
2015-03-20T07:45:40 1904.310000 5.710250 2.569415
2015-03-20T07:45:58 1907.380000 5.719938 1.937653
2015-03-20T07:46:15 1910.520000 5.725919 1.266595
2015-03-20T07:46:28 1913.560000 5.733679 2.148816
2015-03-20T07:46:41 1916.660000 5.747382 3.794885
2015-03-20T07:46:57 1919.730000 5.752130 1.068279
2015-03-20T07:47:19 1922.370000 5.763900 1.925879
2015-03-20T07:47:36 1925.410000 5.775351 2.424963
2015-03-20T07:47:53 1928.600000 5.788796 2.847228
2015-03-20T07:48:01 1930.050000 5.792936 1.863139
2015-03-20T07:48:15 1933.520000 5.810142 4.424403
2015-03-20T07:48:29 1936.510000 5.813985 0.988035
2015-03-20T07:48:34 1937.740000 5.815147 0.837043
2015-03-20T07:48:57 1941.200000 5.826834 1.829246
2015-03-20T07:49:11 1944.250000 5.835466 2.219533
2015-03-20T07:49:27 1947.370000 5.841616 1.383907
2015-03-20T07:49:32 1948.450000 5.842250 0.455978
2015-03-20T07:49:42 1950.250000 5.846296 1.456809
2015-03-20T07:49:52 1952.690000 5.854752 3.044104
2015-03-20T07:50:03 1953.900000 5.860155 1.768300
2015-03-20T07:50:15 1955.990000 5.866618 1.938940
2015-03-20T07:50:25 1957.740000 5.872351 2.063675
2015-03-20T07:50:37 1960.400000 5.880314 2.389039
2015-03-20T07:50:50 1962.520000 5.885584 1.459154
2015-03-20T07:51:02 1965.050000 5.889473 1.166921
2015-03-20T07:51:06 1965.580000 5.891808 2.101331
2015-03-20T07:51:12 1966.110000 5.893972 1.298416
2015-03-20T07:51:22 1967.550000 5.901357 2.658435
2015-03-20T07:51:38 1969.470000 5.909989 1.942372
2015-03-20T07:51:49 1970.190000 5.911199 0.395770
2015-03-20T07:51:56 1970.870000 5.914192 1.539492
2015-03-20T07:52:11 1973.900000 5.919526 1.280044
2015-03-20T07:52:25 1975.600000 5.926658 1.834076
2015-03-20T07:52:40 1976.220000 5.933217 1.574162
2015-03-20T07:53:05 1979.410000 5.937197 0.573032
2015-03-20T07:53:29 1979.800000 5.939825 0.394323
2015-03-20T07:53:46 1976.620000 5.945255 1.149804
2015-03-20T07:54:05 1975.830000 5.958871 2.579927
2015-03-20T07:54:38 1976.180000 5.961933 0.334018
2015-03-20T07:54:50 1976.150000 5.967418 1.645493
2015-03-20T07:54:53 1976.460000 5.970378 3.552126
2015-03-20T07:55:03 1977.470000 5.978269 2.840676
2015-03-20T07:55:32 1979.160000 5.994476 2.011869
2015-03-20T07:55:54 1979.360000 5.997481 0.491762
2015-03-20T07:56:13 1978.850000 6.001423 0.746876
2015-03-20T07:56:22 1977.680000 6.003604 0.872399
2015-03-20T07:56:44 1979.730000 6.008209 0.753549
2015-03-20T07:57:11 1979.520000 6.010782 0.343085
2015-03-20T07:57:39 1979.350000 6.013528 0.353082
2015-03-20T07:58:11 1979.820000 6.017126 0.404726
2015-03-20T07:58:45 1979.800000 6.019795 0.282627
2015-03-20T07:59:14 1979.580000 6.021933 0.265368
2015-03-20T07:59:46 1979.520000 6.024285 0.264647
2015-03-20T08:00:16 1979.230000 6.025468 0.141893
2015-03-20T08:00:45 1979.240000 6.029508 0.501540
2015-03-20T08:01:03 1979.690000 6.033146 0.727586
2015-03-20T08:01:31 1979.660000 6.037334 0.538553
2015-03-20T08:01:54 1979.160000 6.040490 0.493916
2015-03-20T08:02:26 1979.150000 6.044032 0.398457
2015-03-20T08:02:55 1979.160000 6.047901 0.480319
2015-03-20T08:03:18 1979.060000 6.049318 0.221762
2015-03-20T08:03:51 1979.050000 6.052152 0.309149
2015-03-20T08:04:19 1978.890000 6.055146 0.384938
2015-03-20T08:04:29 1978.690000 6.055446 0.108229
2015-03-20T08:04:55 1978.510000 6.058122 0.370448
2015-03-20T08:05:21 1978.100000 6.058918 0.110290
2015-03-20T08:05:50 1978.800000 6.060616 0.210765
2015-03-20T08:06:12 1978.590000 6.062342 0.282493
2015-03-20T08:06:45 1978.690000 6.066397 0.442318
2015-03-20T08:07:15 1978.510000 6.071487 0.610783
2015-03-20T08:07:44 1978.410000 6.075420 0.488211
2015-03-20T08:08:10 1978.430000 6.078188 0.383340
2015-03-20T08:08:41 1978.380000 6.081462 0.380211
2015-03-20T08:09:08 1978.730000 6.084164 0.360226
2015-03-20T08:09:35 1978.340000 6.086483 0.309129
2015-03-20T08:10:04 1978.810000 6.088629 0.266501
2015-03-20T08:10:29 1978.850000 6.090446 0.261560
2015-03-20T08:10:58 1979.240000 6.091729 0.159269
2015-03-20T08:11:13 1978.950000 6.094106 0.570592
2015-03-20T08:11:39 1980.440000 6.102973 1.227751
2015-03-20T08:12:04 1983.010000 6.108400 0.781504
2015-03-20T08:12:25 1985.770000 6.115539 1.223702
2015-03-20T08:12:45 1988.860000 6.120981 0.979685
2015-03-20T08:13:08 1991.910000 6.124356 0.528190
2015-03-20T08:13:33 1995.070000 6.129270 0.707569
2015-03-20T08:13:53 1997.490000 6.133748 0.806121
2015-03-20T08:14:12 2000.370000 6.139129 1.019546
2015-03-20T08:14:29 2003.470000 6.144170 1.067586
2015-03-20T08:14:48 2006.470000 6.147957 0.717458
2015-03-20T08:15:15 2008.280000 6.151658 0.493424
2015-03-20T08:15:34 2010.810000 6.158395 1.276561
2015-03-20T08:16:02 2012.040000 6.162634 0.545011
2015-03-20T08:16:28 2014.000000 6.171521 1.230546
2015-03-20T08:16:46 2017.040000 6.178212 1.338089
2015-03-20T08:17:12 2020.000000 6.189143 1.513557
2015-03-20T08:17:33 2023.120000 6.196427 1.248721
2015-03-20T08:17:57 2026.210000 6.204633 1.230858
2015-03-20T08:18:20 2029.200000 6.208604 0.621497
2015-03-20T08:18:48 2032.060000 6.217110 1.093662
2015-03-20T08:19:08 2035.200000 6.221319 0.757672
2015-03-20T08:19:30 2038.240000 6.222999 0.274905
2015-03-20T08:19:53 2041.260000 6.226039 0.475763
2015-03-20T08:19:57 2041.630000 6.227819 1.602333
2015-03-20T08:20:24 2044.890000 6.242942 2.016333
2015-03-20T08:20:48 2046.550000 6.245323 0.357221
2015-03-20T08:21:15 2046.400000 6.248055 0.364270
2015-03-20T08:21:34 2043.270000 6.258630 2.003777
2015-03-20T08:21:47 2040.150000 6.272575 3.861685
2015-03-20T08:22:10 2039.610000 6.276510 0.615831
2015-03-20T08:22:30 2037.680000 6.287359 1.952811
2015-03-20T08:22:39 2037.480000 6.291250 1.556492
2015-03-20T08:23:03 2037.690000 6.300310 1.359055
2015-03-20T08:23:35 2038.630000 6.301798 0.167369
2015-03-20T08:24:00 2040.770000 6.307346 0.798866
2015-03-20T08:24:20 2042.530000 6.308789 0.259683
2015-03-20T08:24:46 2043.450000 6.319344 1.461529
2015-03-20T08:25:09 2046.450000 6.324185 0.757772
2015-03-20T08:25:34 2049.230000 6.330372 0.890875
2015-03-20T08:25:53 2052.420000 6.336923 1.241316
2015-03-20T08:26:09 2055.480000 6.340184 0.733554
2015-03-20T08:26:29 2058.650000 6.341975 0.322424
2015-03-20T08:26:48 2058.950000 6.343501 0.289112
2015-03-20T08:27:07 2061.970000 6.354323 2.050461
2015-03-20T08:27:25 2064.990000 6.364022 1.939874
2015-03-20T08:27:29 2065.330000 6.366468 2.201025
2015-03-20T08:27:52 2067.930000 6.370510 0.632667
2015-03-20T08:28:11 2068.420000 6.376199 1.077982
2015-03-20T08:28:29 2071.440000 6.388404 2.440970
2015-03-20T08:28:49 2074.480000 6.402094 2.464319
2015-03-20T08:29:11 2077.250000 6.408561 1.058164
2015-03-20T08:29:32 2079.150000 6.417787 1.581631
2015-03-20T08:29:52 2081.850000 6.423470 1.022858
2015-03-20T08:30:14 2084.940000 6.432622 1.497679
2015-03-20T08:30:32 2088.130000 6.440194 1.514448
2015-03-20T08:30:54 2091.170000 6.446643 1.055139
2015-03-20T08:31:13 2094.290000 6.447718 0.203815
2015-03-20T08:31:43 2096.130000 6.449582 0.223655
2015-03-20T08:32:01 2099.340000 6.455817 1.246941
2015-03-20T08:32:23 2102.400000 6.466109 1.684128
2015-03-20T08:32:42 2105.480000 6.468917 0.532020
2015-03-20T08:33:05 2108.000000 6.471450 0.396566
2015-03-20T08:33:35 2109.120000 6.479268 0.938133
2015-03-20T08:33:55 2110.410000 6.490345 1.993918
2015-03-20T08:34:14 2112.190000 6.494423 0.772711
2015-03-20T08:34:46 2112.420000 6.499121 0.528484
2015-03-20T08:35:09 2112.210000 6.509102 1.562176
2015-03-20T08:35:31 2113.210000 6.519390 1.683551
2015-03-20T08:35:44 2112.860000 6.522234 0.787670
2015-03-20T08:35:46 2113.040000 6.523831 2.874412
2015-03-20T08:36:17 2113.300000 6.527286 0.401141
2015-03-20T08:36:32 2113.410000 6.527950 0.159560
2015-03-20T08:37:00 2112.620000 6.533006 0.649995
2015-03-20T08:37:22 2113.940000 6.548742 2.575021
2015-03-20T08:37:43 2116.560000 6.558245 1.629091
2015-03-20T08:37:55 2118.070000 6.559775 0.458876
2015-03-20T08:38:21 2121.440000 6.564742 0.687731
2015-03-20T08:38:43 2124.460000 6.571470 1.101062
2015-03-20T08:39:05 2127.510000 6.574283 0.460213
2015-03-20T08:39:31 2128.860000 6.580944 0.922304
2015-03-20T08:39:35 2128.590000 6.582322 1.240711
2015-03-20T08:40:00 2131.670000 6.594650 1.775114
2015-03-20T08:40:29 2131.550000 6.598287 0.451528
2015-03-20T08:40:40 2130.500000 6.602909 1.512550
2015-03-20T08:41:03 2133.500000 6.608044 0.803834
2015-03-20T08:41:26 2134.480000 6.614909 1.074479
2015-03-20T08:41:47 2137.200000 6.622437 1.290558
2015-03-20T08:42:10 2138.570000 6.626719 0.670177
2015-03-20T08:42:34 2139.920000 6.629795 0.461447
2015-03-20T08:42:57 2140.500000 6.630779 0.153938
2015-03-20T08:43:17 2143.100000 6.634687 0.703585
2015-03-20T08:43:41 2146.020000 6.639441 0.712964
2015-03-20T08:44:08 2148.110000 6.645093 0.753639
2015-03-20T08:44:32 2149.690000 6.652272 1.076867
2015-03-20T08:44:46 2151.070000 6.656065 0.975239
2015-03-20T08:45:09 2154.280000 6.660883 0.754263
2015-03-20T08:45:37 2157.350000 6.662621 0.223413
2015-03-20T08:45:43 2158.520000 6.663417 0.477315
2015-03-20T08:46:11 2161.880000 6.669817 0.822956
2015-03-20T08:46:37 2164.700000 6.674386 0.632506
2015-03-20T08:46:59 2166.570000 6.679731 0.874669
2015-03-20T08:47:05 2167.510000 6.682648 1.750380
2015-03-20T08:47:29 2169.610000 6.684150 0.225351
2015-03-20T08:47:49 2172.030000 6.692655 1.530770
2015-03-20T08:48:08 2175.120000 6.700347 1.457407
2015-03-20T08:48:28 2178.180000 6.707981 1.374270
2015-03-20T08:48:53 2180.470000 6.715948 1.147188
2015-03-20T08:49:23 2180.490000 6.716138 0.022747
2015-03-20T08:49:54 2181.530000 6.720361 0.490429
2015-03-20T08:50:22 2184.160000 6.725721 0.689126
2015-03-20T08:50:49 2185.240000 6.729315 0.479301
2015-03-20T08:51:11 2186.890000 6.731132 0.297290
2015-03-20T08:51:19 2187.120000 6.733342 0.994667
2015-03-20T08:51:40 2188.790000 6.737318 0.681559
2015-03-20T08:52:03 2190.180000 6.741324 0.627009
2015-03-20T08:52:15 2189.160000 6.744170 0.853817
2015-03-20T08:52:18 2189.140000 6.745742 1.886092
2015-03-20T08:52:44 2190.220000 6.750707 0.687501
2015-03-20T08:53:12 2191.260000 6.759575 1.140140
2015-03-20T08:53:32 2193.730000 6.771835 2.206889
2015-03-20T08:53:49 2196.220000 6.775469 0.769554
2015-03-20T08:54:11 2199.570000 6.781978 1.065036
2015-03-20T08:54:37 2201.790000 6.784658 0.371014
2015-03-20T08:55:02 2204.370000 6.792049 1.064383
2015-03-20T08:55:30 2205.970000 6.796708 0.598995
2015-03-20T08:55:57 2207.900000 6.799703 0.399344
2015-03-20T08:56:21 2209.690000 6.807222 1.127868
2015-03-20T08:56:26 2208.940000 6.808607 0.996980
2015-03-20T08:56:50 2205.900000 6.820758 1.822751
2015-03-20T08:57:05 2205.620000 6.826985 1.494299
2015-03-20T08:57:09 2205.290000 6.828231 1.121184
2015-03-20T08:57:36 2205.780000 6.834915 0.891200
2015-03-20T08:58:03 2206.620000 6.844983 1.342504
2015-03-20T08:58:28 2207.300000 6.854320 1.344464
2015-03-20T08:58:47 2208.400000 6.863846 1.804921
2015-03-20T08:59:04 2209.050000 6.866658 0.595617
2015-03-20T08:59:32 2211.480000 6.871080 0.568422
2015-03-20T08:59:59 2211.660000 6.877689 0.881251
2015-03-20T09:00:21 2211.950000 6.882141 0.728490
2015-03-20T09:00:56 2213.940000 6.892507 1.066190
2015-03-20T09:01:02 2214.040000 6.897312 2.883036
2015-03-20T09:01:14 2215.270000 6.901298 1.195813
2015-03-20T09:01:32 2216.800000 6.905821 0.904650
2015-03-20T09:01:52 2218.240000 6.907526 0.306950
2015-03-20T09:02:14 2219.260000 6.909863 0.382399
2015-03-20T09:02:38 2219.650000 6.914787 0.738628
2015-03-20T09:03:00 2219.600000 6.916372 0.259285
2015-03-20T09:03:32 2220.920000 6.921373 0.562622
2015-03-20T09:04:09 2222.340000 6.929155 0.757169
2015-03-20T09:04:37 2223.500000 6.935707 0.842424
2015-03-20T09:05:06 2223.810000 6.939363 0.453849
2015-03-20T09:05:36 2224.270000 6.940747 0.166098
2015-03-20T09:06:02 2226.360000 6.943286 0.351559
2015-03-20T09:06:31 2226.770000 6.947836 0.564789
2015-03-20T09:06:38 2227.530000 6.948994 0.595728
2015-03-20T09:06:41 2227.870000 6.950796 2.162590
2015-03-20T09:07:07 2231.030000 6.954177 0.468022
2015-03-20T09:07:32 2231.800000 6.958144 0.571361
2015-03-20T09:08:00 2232.810000 6.961180 0.390273
2015-03-20T09:08:02 2232.870000 6.962395 2.187261
2015-03-20T09:08:26 2235.300000 6.969065 1.000513
2015-03-20T09:08:52 2237.510000 6.972410 0.463201
2015-03-20T09:09:15 2238.460000 6.974416 0.313871
2015-03-20T09:09:38 2241.630000 6.978903 0.702342
2015-03-20T09:10:02 2243.720000 6.983739 0.725440
2015-03-20T09:10:08 2243.950000 6.984620 0.528677
2015-03-20T09:10:16 2244.260000 6.989406 2.153600
2015-03-20T09:10:44 2246.420000 6.993381 0.511047
2015-03-20T09:10:48 2246.700000 6.996182 2.520903
2015-03-20T09:11:15 2249.440000 6.997963 0.237428
2015-03-20T09:11:44 2250.650000 7.001214 0.403584
2015-03-20T09:11:47 2251.170000 7.002102 1.066378
2015-03-20T09:12:15 2254.310000 7.012773 1.371928
2015-03-20T09:12:24 2255.550000 7.013443 0.268226
2015-03-20T09:12:55 2258.410000 7.017394 0.458819
2015-03-20T09:13:20 2259.780000 7.025228 1.127982
2015-03-20T09:13:42 2262.250000 7.036131 1.784142
2015-03-20T09:14:05 2262.560000 7.046845 1.676953
2015-03-20T09:14:28 2265.270000 7.057636 1.689029
2015-03-20T09:14:51 2265.240000 7.060116 0.388211
2015-03-20T09:15:23 2265.620000 7.063552 0.386567
2015-03-20T09:15:50 2266.330000 7.071518 1.062139
2015-03-20T09:16:17 2266.140000 7.079133 1.015327
2015-03-20T09:16:49 2266.000000 7.083256 0.463857
2015-03-20T09:17:15 2266.330000 7.085854 0.359665
2015-03-20T09:17:44 2266.150000 7.087637 0.221433
2015-03-20T09:18:07 2266.480000 7.088445 0.126321
2015-03-20T09:18:34 2266.610000 7.089970 0.203337
2015-03-20T09:19:00 2265.780000 7.093429 0.478955
2015-03-20T09:19:24 2265.760000 7.095273 0.276651
2015-03-20T09:19:51 2265.570000 7.095729 0.060780
2015-03-20T09:20:17 2265.760000 7.096493 0.105863
2015-03-20T09:20:44 2265.620000 7.097672 0.157209
2015-03-20T09:21:11 2266.390000 7.099595 0.256350
2015-03-20T09:21:33 2266.550000 7.100864 0.207585
2015-03-20T09:21:37 2266.690000 7.101611 0.672307
2015-03-20T09:22:06 2265.990000 7.102565 0.118431
2015-03-20T09:22:26 2266.540000 7.103096 0.095587
2015-03-20T09:22:57 2265.500000 7.105360 0.262968
2015-03-20T09:23:28 2265.560000 7.106433 0.124539
2015-03-20T09:23:58 2265.640000 7.106794 0.043354
2015-03-20T09:24:33 2265.450000 7.107873 0.111004
2015-03-20T09:25:04 2265.470000 7.111718 0.446448
2015-03-20T09:25:33 2265.480000 7.115948 0.525187
2015-03-20T09:26:06 2265.670000 7.119468 0.383951
2015-03-20T09:26:29 2265.580000 7.120417 0.148565
2015-03-20T09:26:58 2265.880000 7.122767 0.291777
2015-03-20T09:27:32 2265.690000 7.124669 0.201395
2015-03-20T09:28:04 2265.590000 7.127778 0.349769
2015-03-20T09:28:35 2265.670000 7.130019 0.260188
2015-03-20T09:29:04 2265.690000 7.130502 0.060015
2015-03-20T09:29:32 2266.800000 7.133978 0.446833
2015-03-20T09:29:56 2265.270000 7.138241 0.639502
2015-03-20T09:29:58 2265.440000 7.138757 0.928703
2015-03-20T09:30:23 2265.910000 7.141744 0.430123
2015-03-20T09:30:48 2266.600000 7.145063 0.477895
2015-03-20T09:31:12 2266.720000 7.148607 0.531672
2015-03-20T09:31:25 2266.440000 7.151951 0.926032
2015-03-20T09:31:49 2266.430000 7.153493 0.231325
2015-03-20T09:32:18 2266.600000 7.156193 0.335074
2015-03-20T09:32:41 2266.380000 7.156450 0.040228
2015-03-20T09:33:07 2265.680000 7.157531 0.149779
2015-03-20T09:33:15 2265.640000 7.159186 0.744629
2015-03-20T09:33:36 2266.290000 7.162160 0.509896
2015-03-20T09:34:06 2266.360000 7.164594 0.292047
2015-03-20T09:34:33 2266.330000 7.166714 0.282690
2015-03-20T09:35:07 2266.430000 7.167740 0.108631
2015-03-20T09:35:32 2266.780000 7.169762 0.291183
2015-03-20T09:36:00 2266.170000 7.171231 0.188781
2015-03-20T09:36:31 2266.380000 7.172801 0.182378
2015-03-20T09:36:59 2266.310000 7.175359 0.328836
2015-03-20T09:37:31 2266.030000 7.177588 0.250754
2015-03-20T09:37:53 2266.900000 7.179311 0.281907
2015-03-20T09:38:20 2266.510000 7.180432 0.149590
2015-03-20T09:38:50 2266.710000 7.185046 0.553622
2015-03-20T09:39:16 2266.790000 7.185978 0.129073
2015-03-20T09:39:36 2266.510000 7.189217 0.583009
2015-03-20T09:39:55 2266.510000 7.190064 0.160475
2015-03-20T09:40:20 2266.770000 7.193285 0.463802
2015-03-20T09:40:55 2266.230000 7.193765 0.049424
2015-03-20T09:41:31 2266.420000 7.196390 0.262429
2015-03-20T09:42:04 2266.030000 7.201838 0.594308
2015-03-20T09:42:36 2266.390000 7.202946 0.124657
2015-03-20T09:43:06 2266.600000 7.207833 0.586471
2015-03-20T09:43:38 2266.330000 7.208946 0.125207
2015-03-20T09:44:03 2266.440000 7.211447 0.360107
2015-03-20T09:44:29 2266.720000 7.212719 0.176192
2015-03-20T09:44:43 2266.920000 7.214497 0.457120
2015-03-20T09:45:07 2266.710000 7.216399 0.285356
2015-03-20T09:45:36 2266.890000 7.221814 0.672185
2015-03-20T09:45:53 2266.170000 7.228368 1.387887
2015-03-20T09:45:57 2262.790000 7.236168 7.019716
2015-03-20T09:46:02 2258.630000 7.242485 4.548621
2015-03-20T09:46:05 2252.170000 7.257984 18.598575
2015-03-20T09:46:06 2249.300000 7.262101 14.822645
2015-03-20T09:46:08 2242.050000 7.275084 23.369739
2015-03-20T09:46:09 2238.330000 7.282115 25.310453
2015-03-20T09:46:10 2233.820000 7.291958 35.433734
2015-03-20T09:46:11 2229.400000 7.301520 34.424860
2015-03-20T09:46:12 2225.620000 7.311251 35.029356
2015-03-20T09:46:15 2215.560000 7.344712 40.153998
2015-03-20T09:46:17 2210.840000 7.367250 40.567960
2015-03-20T09:46:19 2210.160000 7.384329 30.741201
2015-03-20T09:46:22 2209.820000 7.397678 16.018822
2015-03-20T09:46:24 2209.610000 7.403931 11.256163
2015-03-20T09:46:29 2205.120000 7.422054 13.048854
2015-03-20T09:46:32 2203.720000 7.427729 6.809612
2015-03-20T09:46:48 2203.210000 7.432236 1.013975
2015-03-20T09:47:10 2202.730000 7.438059 0.952837
2015-03-20T09:47:14 2199.250000 7.445615 6.801214
2015-03-20T09:47:44 2199.230000 7.448554 0.352642
2015-03-20T09:48:14 2198.970000 7.452626 0.488581
2015-03-20T09:48:30 2199.000000 7.453819 0.268570
2015-03-20T09:48:33 2197.630000 7.462074 9.906038
2015-03-20T09:48:35 2195.770000 7.471567 17.087021
2015-03-20T09:48:39 2191.040000 7.490786 17.297385
2015-03-20T09:48:41 2186.210000 7.504643 24.941963
2015-03-20T09:48:42 2183.170000 7.510553 21.277319
2015-03-20T09:48:45 2172.640000 7.531192 24.765931
2015-03-20T09:48:46 2168.870000 7.539881 31.281429
2015-03-20T09:48:47 2164.630000 7.551504 41.844514
2015-03-20T09:48:48 2160.470000 7.561278 35.186289
2015-03-20T09:48:49 2156.450000 7.573384 43.580650
2015-03-20T09:48:50 2152.530000 7.581351 28.680625
2015-03-20T09:48:51 2148.490000 7.590363 32.442491
2015-03-20T09:48:53 2141.610000 7.604045 24.627874
2015-03-20T09:48:54 2137.530000 7.611697 27.546391
2015-03-20T09:48:55 2134.010000 7.618964 26.162575
2015-03-20T09:48:56 2130.020000 7.625368 23.053609
2015-03-20T09:48:58 2122.210000 7.641967 29.878775
2015-03-20T09:48:59 2118.320000 7.646857 17.601777
2015-03-20T09:49:01 2111.790000 7.661312 26.019941
2015-03-20T09:49:03 2105.500000 7.674412 23.580644
2015-03-20T09:49:05 2100.120000 7.689205 26.625995
2015-03-20T09:49:06 2096.770000 7.697964 31.534615
2015-03-20T09:49:07 2092.930000 7.708070 36.381130
2015-03-20T09:49:09 2088.010000 7.726708 33.548626
2015-03-20T09:49:11 2085.380000 7.738833 21.825192
2015-03-20T09:49:13 2082.800000 7.751108 22.094107
2015-03-20T09:49:16 2076.830000 7.774809 28.441716
2015-03-20T09:49:19 2069.080000 7.805949 37.367136
2015-03-20T09:49:21 2063.420000 7.830441 44.087138
2015-03-20T09:49:22 2060.610000 7.844707 51.357532
2015-03-20T09:49:25 2052.640000 7.875049 36.410238
2015-03-20T09:49:27 2047.780000 7.896862 39.263178
2015-03-20T09:49:30 2044.150000 7.922219 30.427763
2015-03-20T09:49:33 2044.380000 7.936043 16.589036
2015-03-20T09:49:42 2044.040000 7.960484 9.776366
2015-03-20T09:49:51 2042.170000 7.994740 13.702595
2015-03-20T09:49:53 2042.990000 7.996940 3.959764
2015-03-20T09:50:11 2043.840000 8.022564 5.124679
2015-03-20T09:50:12 2043.660000 8.025779 11.576421
2015-03-20T09:50:14 2043.150000 8.034730 16.112261
2015-03-20T09:50:18 2041.600000 8.056204 19.326077
2015-03-20T09:50:20 2040.690000 8.067233 19.852205
2015-03-20T09:50:25 2036.550000 8.101938 24.987843
2015-03-20T09:50:27 2035.230000 8.114501 22.613762
2015-03-20T09:50:32 2036.650000 8.127938 9.674436
2015-03-20T09:50:42 2034.920000 8.162082 12.291716
2015-03-20T09:50:55 2035.000000 8.164074 0.551768
2015-03-20T09:51:10 2034.590000 8.165495 0.340876
2015-03-20T09:51:13 2031.020000 8.183799 21.965515
2015-03-20T09:51:15 2027.830000 8.196630 23.096282
2015-03-20T09:51:17 2024.590000 8.213804 30.912524
2015-03-20T09:51:21 2021.220000 8.238838 22.530672
2015-03-20T09:51:29 2018.290000 8.254283 6.950387
2015-03-20T09:51:35 2018.080000 8.257683 2.039890
2015-03-20T09:51:39 2013.030000 8.268942 10.132870
2015-03-20T09:51:42 2005.960000 8.283560 17.541843
2015-03-20T09:51:43 2002.710000 8.289110 19.980734
2015-03-20T09:51:44 1999.630000 8.295960 24.657811
2015-03-20T09:51:45 1995.650000 8.302327 22.920511
2015-03-20T09:51:47 1987.810000 8.317197 26.766156
2015-03-20T09:51:49 1980.190000 8.338097 37.619768
2015-03-20T09:51:51 1970.860000 8.362883 44.616287
2015-03-20T09:51:53 1967.940000 8.389210 47.388102
2015-03-20T09:51:55 1966.000000 8.417846 51.544110
2015-03-20T09:51:57 1963.450000 8.441688 42.916641
2015-03-20T09:52:01 1963.630000 8.462947 19.132560
2015-03-20T09:52:08 1964.470000 8.486559 12.143270
2015-03-20T09:52:12 1964.610000 8.488790 2.008078
2015-03-20T09:52:30 1966.880000 8.497313 1.704676
2015-03-20T09:52:44 1968.470000 8.506702 2.414332
2015-03-20T09:52:49 1967.090000 8.516870 7.320674
2015-03-20T09:53:02 1966.290000 8.521725 1.344364
2015-03-20T09:53:04 1966.500000 8.524316 4.664018
2015-03-20T09:53:09 1962.920000 8.548496 17.409880
2015-03-20T09:53:12 1961.340000 8.563773 18.332613
2015-03-20T09:53:22 1961.010000 8.580581 6.050640
2015-03-20T09:53:35 1960.770000 8.583422 0.786948
2015-03-20T09:53:44 1960.650000 8.585784 0.944735
2015-03-20T09:53:47 1955.960000 8.598050 14.718444
2015-03-20T09:53:49 1952.400000 8.606143 14.567545
2015-03-20T09:53:51 1947.130000 8.611236 9.168185
2015-03-20T09:53:52 1943.840000 8.618800 27.229844
2015-03-20T09:53:54 1939.030000 8.634301 27.901395
2015-03-20T09:53:56 1936.830000 8.647584 23.909191
2015-03-20T09:54:01 1932.950000 8.676139 20.559981
2015-03-20T09:54:08 1931.540000 8.711001 17.929049
2015-03-20T09:54:17 1930.590000 8.718476 2.990105
2015-03-20T09:54:27 1930.200000 8.723395 1.770872
2015-03-20T09:54:32 1925.570000 8.733174 7.040337
2015-03-20T09:54:34 1924.840000 8.734924 3.150520
2015-03-20T09:54:57 1924.710000 8.739771 0.758609
2015-03-20T09:55:01 1921.200000 8.762767 20.696490
2015-03-20T09:55:08 1916.440000 8.794258 16.195389
2015-03-20T09:55:09 1915.440000 8.799910 20.346851
2015-03-20T09:55:11 1912.840000 8.813347 24.186823
2015-03-20T09:55:18 1909.510000 8.847992 17.817692
2015-03-20T09:55:22 1907.210000 8.866955 17.066145
2015-03-20T09:55:27 1904.930000 8.886500 14.072516
2015-03-20T09:55:30 1903.440000 8.901356 17.827836
2015-03-20T09:55:38 1899.750000 8.943266 18.859486
2015-03-20T09:55:39 1899.090000 8.949796 23.507407
2015-03-20T09:55:46 1895.270000 8.987837 19.564035
2015-03-20T09:55:52 1895.320000 8.993242 3.242812
2015-03-20T09:56:03 1895.170000 8.997312 1.332128
2015-03-20T09:56:08 1891.290000 9.017992 14.889507
2015-03-20T09:56:10 1887.150000 9.029149 20.081436
2015-03-20T09:56:12 1884.070000 9.039703 18.997148
2015-03-20T09:56:14 1879.960000 9.051704 21.601536
2015-03-20T09:56:15 1877.450000 9.058516 24.525877
2015-03-20T09:56:19 1870.710000 9.073749 13.709017
2015-03-20T09:56:20 1868.680000 9.078569 17.353795
2015-03-20T09:56:23 1861.500000 9.090626 14.468838
2015-03-20T09:56:24 1858.710000 9.098038 26.680652
2015-03-20T09:56:27 1851.360000 9.117686 23.578315
2015-03-20T09:56:28 1850.110000 9.123262 20.074293
2015-03-20T09:56:33 1846.530000 9.150366 19.514879
2015-03-20T09:56:43 1846.040000 9.163184 4.614467
2015-03-20T09:56:48 1841.560000 9.180699 12.610522
2015-03-20T09:56:49 1839.960000 9.186120 19.515070
2015-03-20T09:56:52 1833.510000 9.201583 18.555657
2015-03-20T09:56:53 1831.440000 9.206288 16.937491
2015-03-20T09:56:57 1824.870000 9.219051 11.486468
2015-03-20T09:57:00 1821.130000 9.230006 13.146145
2015-03-20T09:57:02 1817.930000 9.235733 10.309446
2015-03-20T09:57:05 1814.130000 9.241988 7.505399
2015-03-20T09:57:07 1810.740000 9.250069 14.546124
2015-03-20T09:57:09 1807.700000 9.252502 4.379180
2015-03-20T09:57:18 1806.330000 9.258261 2.303804
2015-03-20T09:57:22 1802.100000 9.269895 10.470681
2015-03-20T09:57:25 1799.610000 9.278610 10.457422
2015-03-20T09:57:28 1795.090000 9.287274 10.396666
2015-03-20T09:57:30 1791.180000 9.295935 15.589795
2015-03-20T09:57:32 1786.410000 9.305232 16.734932
2015-03-20T09:57:34 1781.950000 9.314278 16.282449
2015-03-20T09:57:36 1778.440000 9.317090 5.061563
2015-03-20T09:57:39 1777.630000 9.319157 2.480717
2015-03-20T09:57:45 1773.720000 9.377459 34.981356
2015-03-20T09:57:46 1773.520000 9.384897 26.775390
2015-03-20T09:57:49 1773.400000 9.394776 11.855489
2015-03-20T09:57:55 1773.200000 9.400015 3.142966
2015-03-20T09:58:13 1773.090000 9.406884 1.373880
2015-03-20T09:58:20 1772.990000 9.408286 0.720791
2015-03-20T09:58:24 1768.970000 9.424370 14.475735
2015-03-20T09:58:25 1767.600000 9.428530 14.975360
2015-03-20T09:58:27 1763.370000 9.440299 21.185167
2015-03-20T09:58:29 1757.940000 9.454813 26.125865
2015-03-20T09:58:32 1750.820000 9.474944 24.157005
2015-03-20T09:58:34 1746.400000 9.484398 17.016345
2015-03-20T09:58:38 1741.440000 9.497149 11.476294
2015-03-20T09:58:40 1739.050000 9.509358 21.975426
2015-03-20T09:58:44 1729.730000 9.536163 24.125079
2015-03-20T09:58:45 1726.530000 9.543100 24.970227
2015-03-20T09:58:46 1722.870000 9.549016 21.298191
2015-03-20T09:58:48 1718.470000 9.559221 18.370109
2015-03-20T09:58:50 1713.860000 9.569139 17.852463
2015-03-20T09:58:52 1709.390000 9.580360 20.197285
2015-03-20T09:58:54 1706.160000 9.590590 18.412796
2015-03-20T09:58:57 1701.640000 9.608245 21.186140
2015-03-20T09:58:58 1699.990000 9.614299 21.796099
2015-03-20T09:59:02 1693.370000 9.638658 21.923014
2015-03-20T09:59:05 1690.160000 9.653135 17.372673
2015-03-20T09:59:10 1687.170000 9.676170 16.585044
2015-03-20T09:59:13 1685.940000 9.684982 10.574677
2015-03-20T09:59:15 1685.710000 9.685635 1.174960
2015-03-20T09:59:40 1685.710000 9.691161 0.795686
2015-03-20T09:59:44 1682.210000 9.710925 17.787512
2015-03-20T09:59:46 1679.800000 9.722462 20.767595
2015-03-20T09:59:48 1677.650000 9.730719 14.861755
2015-03-20T09:59:51 1672.940000 9.744976 17.108369
2015-03-20T09:59:54 1667.690000 9.758338 16.034382
2015-03-20T09:59:56 1663.740000 9.771956 24.512830
2015-03-20T09:59:59 1660.370000 9.784607 15.180901
2015-03-20T10:00:01 1656.090000 9.797820 23.784483
2015-03-20T10:00:02 1654.200000 9.805609 28.040034
2015-03-20T10:00:07 1650.150000 9.836085 21.942444
2015-03-20T10:00:12 1645.630000 9.857754 15.602113
2015-03-20T10:00:16 1640.240000 9.880945 20.871902
2015-03-20T10:00:20 1637.550000 9.898179 15.510122
2015-03-20T10:00:29 1637.710000 9.900129 0.780053
2015-03-20T10:00:33 1633.530000 9.913952 12.441245
2015-03-20T10:00:36 1630.260000 9.926144 14.629411
2015-03-20T10:00:41 1623.650000 9.946094 14.364584
2015-03-20T10:00:43 1619.340000 9.959608 24.324782
2015-03-20T10:00:45 1617.030000 9.971104 20.692336
2015-03-20T10:00:48 1612.200000 9.990610 23.407812
2015-03-20T10:00:50 1608.530000 10.005361 26.550488
2015-03-20T10:00:52 1604.170000 10.020504 27.258491
2015-03-20T10:00:54 1600.000000 10.034854 25.829704
2015-03-20T10:00:56 1595.370000 10.049783 26.872676
2015-03-20T10:00:58 1591.440000 10.067258 31.453484
2015-03-20T10:01:02 1586.710000 10.098152 27.805263
2015-03-20T10:01:04 1583.450000 10.111279 23.627893
2015-03-20T10:01:06 1582.650000 10.122192 19.643575
2015-03-20T10:01:08 1581.020000 10.132588 18.713327
2015-03-20T10:01:13 1575.890000 10.160153 19.846538
2015-03-20T10:01:17 1572.910000 10.173006 11.567598
2015-03-20T10:01:27 1573.190000 10.176956 1.421927
2015-03-20T10:01:36 1573.020000 10.180532 1.430650
2015-03-20T10:01:40 1568.660000 10.196708 14.557872
2015-03-20T10:01:42 1564.510000 10.213932 31.002877
2015-03-20T10:01:44 1560.400000 10.227757 24.885146
2015-03-20T10:01:46 1556.800000 10.243487 28.314221
2015-03-20T10:01:48 1552.390000 10.259155 28.202283
2015-03-20T10:01:52 1543.560000 10.289672 27.465980
2015-03-20T10:01:54 1539.720000 10.300592 19.655072
2015-03-20T10:01:56 1536.220000 10.313569 23.359486
2015-03-20T10:01:57 1534.290000 10.320987 26.702148
2015-03-20T10:02:01 1526.200000 10.356163 31.658989
2015-03-20T10:02:04 1522.950000 10.382985 32.186248
2015-03-20T10:02:07 1519.240000 10.410843 33.429683
2015-03-20T10:02:10 1515.670000 10.436529 30.822445
2015-03-20T10:02:12 1513.200000 10.455627 34.376734
2015-03-20T10:02:18 1509.440000 10.504554 29.356608
2015-03-20T10:02:19 1508.600000 10.512398 28.234918
2015-03-20T10:02:24 1503.980000 10.538217 18.589858
2015-03-20T10:02:27 1499.960000 10.549920 14.044449
2015-03-20T10:02:31 1496.840000 10.554019 3.688615
2015-03-20T10:02:42 1496.090000 10.559743 1.873279
2015-03-20T10:02:49 1495.990000 10.565952 3.193117
2015-03-20T10:02:51 1494.950000 10.574578 15.528017
2015-03-20T10:02:55 1491.100000 10.591211 14.969139
2015-03-20T10:02:59 1482.540000 10.611625 18.372761
2015-03-20T10:03:01 1477.680000 10.624817 23.746449
2015-03-20T10:03:02 1474.970000 10.634987 36.611120
2015-03-20T10:03:05 1468.430000 10.662648 33.193195
2015-03-20T10:03:07 1465.050000 10.684052 38.527316
2015-03-20T10:03:08 1462.740000 10.695422 40.931794
2015-03-20T10:03:11 1459.540000 10.727479 38.468828
2015-03-20T10:03:14 1461.620000 10.743097 18.740499
2015-03-20T10:03:19 1462.650000 10.762457 13.939297
2015-03-20T10:03:28 1461.520000 10.799583 14.850560
2015-03-20T10:03:32 1461.470000 10.820173 18.531103
2015-03-20T10:03:43 1460.380000 10.858433 12.521301
2015-03-20T10:03:44 1459.960000 10.862845 15.885028
2015-03-20T10:03:48 1456.170000 10.885162 20.084817
2015-03-20T10:03:51 1451.860000 10.904395 23.079898
2015-03-20T10:03:54 1447.910000 10.921539 20.572876
2015-03-20T10:03:55 1446.320000 10.928636 25.548809
2015-03-20T10:04:00 1441.350000 10.981686 38.195770
2015-03-20T10:04:06 1436.950000 11.040476 35.274454
2015-03-20T10:04:08 1436.330000 11.054689 25.582952
2015-03-20T10:04:14 1435.190000 11.089385 20.817681
2015-03-20T10:04:22 1433.850000 11.131590 18.992077
2015-03-20T10:04:23 1433.570000 11.135717 14.857588
2015-03-20T10:04:33 1434.070000 11.154049 6.599389
2015-03-20T10:04:36 1434.080000 11.160547 7.798626
2015-03-20T10:04:40 1434.070000 11.165441 4.404054
2015-03-20T10:04:42 1433.940000 11.168626 5.733976
2015-03-20T10:04:46 1432.670000 11.181254 11.364711
2015-03-20T10:04:49 1430.670000 11.200251 22.797104
2015-03-20T10:04:52 1428.580000 11.224352 28.921164
2015-03-20T10:04:57 1428.770000 11.245672 15.350300
2015-03-20T10:05:05 1425.980000 11.258695 5.860255
2015-03-20T10:05:08 1421.930000 11.268817 12.146417
2015-03-20T10:05:11 1418.040000 11.285553 20.083100
2015-03-20T10:05:14 1413.910000 11.302952 20.879353
2015-03-20T10:05:17 1409.740000 11.320268 20.778555
2015-03-20T10:05:20 1406.500000 11.337221 20.344044
2015-03-20T10:05:24 1404.130000 11.341935 4.242409
2015-03-20T10:05:37 1403.970000 11.344968 0.839957
2015-03-20T10:05:44 1400.550000 11.369799 12.770250
2015-03-20T10:05:46 1399.350000 11.380276 18.857250
2015-03-20T10:05:49 1399.050000 11.385731 6.547065
2015-03-20T10:05:58 1397.940000 11.392568 2.734561
2015-03-20T10:06:05 1398.200000 11.402224 4.965993
2015-03-20T10:06:11 1398.200000 11.406340 2.469620
2015-03-20T10:06:15 1396.370000 11.416090 8.775453
2015-03-20T10:06:19 1390.990000 11.435720 17.666757
2015-03-20T10:06:22 1387.600000 11.451702 19.177746
2015-03-20T10:06:26 1382.550000 11.470891 17.270722
2015-03-20T10:06:29 1379.110000 11.478952 9.673245
2015-03-20T10:06:33 1375.050000 11.497978 17.123498
2015-03-20T10:06:34 1373.650000 11.503198 18.791351
2015-03-20T10:06:36 1372.880000 11.510682 13.471103
2015-03-20T10:06:41 1371.870000 11.518921 5.932014
2015-03-20T10:06:45 1371.680000 11.520725 1.623421
2015-03-20T10:06:52 1368.510000 11.548146 14.102371
2015-03-20T10:06:55 1365.400000 11.565497 20.821437
2015-03-20T10:06:57 1362.200000 11.578732 23.822371
2015-03-20T10:06:59 1358.480000 11.592721 25.180806
2015-03-20T10:07:01 1355.790000 11.607138 25.949548
2015-03-20T10:07:05 1351.510000 11.645256 34.306407
2015-03-20T10:07:09 1347.190000 11.672228 24.274730
2015-03-20T10:07:13 1342.170000 11.698096 23.281168
2015-03-20T10:07:17 1337.550000 11.722293 21.776969
2015-03-20T10:07:20 1334.480000 11.741896 23.524413
2015-03-20T10:07:23 1330.550000 11.760045 21.778289
2015-03-20T10:07:24 1329.470000 11.765568 19.881735
2015-03-20T10:07:28 1325.480000 11.794522 26.058609
2015-03-20T10:07:32 1320.470000 11.828975 31.007696
2015-03-20T10:07:38 1318.830000 11.841505 7.518382
2015-03-20T10:07:43 1314.360000 11.868366 19.339794
2015-03-20T10:07:46 1309.930000 11.889889 25.827662
2015-03-20T10:07:47 1309.010000 11.897168 26.204878
2015-03-20T10:07:52 1305.650000 11.928992 22.912958
2015-03-20T10:07:54 1304.930000 11.940886 21.409127
2015-03-20T10:08:00 1301.340000 11.973237 19.410991
2015-03-20T10:08:03 1297.880000 11.989125 19.065334
2015-03-20T10:08:07 1292.740000 12.006517 15.653024
2015-03-20T10:08:10 1289.600000 12.021352 17.801561
2015-03-20T10:08:17 1286.940000 12.037784 8.450580
2015-03-20T10:08:32 1286.660000 12.041623 0.921413
2015-03-20T10:08:38 1286.670000 12.044961 2.002825
2015-03-20T10:08:57 1286.710000 12.053927 1.698892
2015-03-20T10:09:08 1286.670000 12.057362 1.124040
2015-03-20T10:09:16 1286.930000 12.064235 3.092724
2015-03-20T10:09:34 1287.300000 12.068957 0.944557
2015-03-20T10:09:46 1286.510000 12.074696 1.721624
2015-03-20T10:10:03 1286.910000 12.077260 0.542863
2015-03-20T10:10:07 1286.650000 12.082659 4.859143
2015-03-20T10:10:15 1284.150000 12.095561 5.806193
2015-03-20T10:10:27 1281.480000 12.108886 3.997510
2015-03-20T10:10:44 1281.410000 12.110379 0.316150
2015-03-20T10:10:57 1281.170000 12.112306 0.533530
2015-03-20T10:11:00 1281.040000 12.113842 1.843781
2015-03-20T10:11:08 1279.420000 12.132115 8.222624
2015-03-20T10:11:10 1277.860000 12.142023 17.833848
2015-03-20T10:11:12 1276.830000 12.151968 17.901514
2015-03-20T10:11:17 1273.840000 12.178385 19.020204
2015-03-20T10:11:21 1268.890000 12.206545 25.343905
2015-03-20T10:11:24 1264.680000 12.229651 27.727794
2015-03-20T10:11:28 1260.630000 12.258980 26.395632
2015-03-20T10:11:31 1257.160000 12.281221 26.690056
2015-03-20T10:11:34 1254.070000 12.301786 24.677621
2015-03-20T10:11:35 1253.110000 12.309390 27.374031
2015-03-20T10:11:37 1251.190000 12.324309 26.854298
2015-03-20T10:11:41 1247.290000 12.351598 24.560299
2015-03-20T10:11:42 1246.280000 12.358578 25.127455
2015-03-20T10:11:46 1241.080000 12.384406 23.245316
2015-03-20T10:11:50 1235.990000 12.416878 29.224261
2015-03-20T10:11:54 1230.770000 12.452024 31.631515
2015-03-20T10:11:56 1228.190000 12.469724 31.860073
2015-03-20T10:12:01 1224.310000 12.511918 30.380029
2015-03-20T10:12:06 1220.710000 12.540793 20.790061
2015-03-20T10:12:08 1216.420000 12.561312 36.933911
2015-03-20T10:12:11 1211.800000 12.595998 41.623247
2015-03-20T10:12:17 1207.450000 12.646041 30.025799
2015-03-20T10:12:18 1206.790000 12.655250 33.149861
2015-03-20T10:12:21 1204.660000 12.678962 28.454747
2015-03-20T10:12:28 1201.130000 12.739234 30.996858
2015-03-20T10:12:33 1197.620000 12.777617 27.635721
2015-03-20T10:12:35 1196.000000 12.794134 29.731864
2015-03-20T10:12:41 1191.720000 12.846365 31.338447
2015-03-20T10:12:46 1188.030000 12.884689 27.593397
2015-03-20T10:12:50 1185.180000 12.915413 27.651218
2015-03-20T10:12:52 1183.090000 12.929685 25.689938
2015-03-20T10:12:57 1178.900000 12.970706 29.535260
2015-03-20T10:13:01 1175.860000 13.003395 29.419998
2015-03-20T10:13:05 1172.860000 13.038335 31.445974
2015-03-20T10:13:09 1169.290000 13.071096 29.484638
2015-03-20T10:13:11 1167.750000 13.087085 28.780619
2015-03-20T10:13:17 1162.960000 13.137088 30.001813
2015-03-20T10:13:22 1159.810000 13.171191 24.554380
2015-03-20T10:13:28 1155.900000 13.208401 22.326070
2015-03-20T10:13:32 1153.430000 13.239899 28.347447
2015-03-20T10:13:37 1149.360000 13.291158 36.906992
2015-03-20T10:13:41 1145.530000 13.330815 35.690805
2015-03-20T10:13:44 1142.440000 13.357832 32.420831
2015-03-20T10:13:48 1138.120000 13.389226 28.254305
2015-03-20T10:13:49 1137.080000 13.394712 19.749069
2015-03-20T10:13:53 1135.080000 13.418084 21.035061
2015-03-20T10:13:56 1134.830000 13.427133 10.858794

